00111111111111111111111111100
00121444444444444444444412100
00131777744444447777777713100
00121444777777777444444412100
00121444444444444444444412100
00121444444444144444444412100
00121111111111311111111112100
00122222222221212222222222100
00111111111111211111111111100
00121555555551215555555512100
08121666666666166666666612180
98121444444446664444444412189
98131444444444644444444413189
98131444444444444444444413189
98121114444444444444441211189
98122211111111111111111222189
98111118888888888888881111189
08888888888888888888888888880
00999999999999999999999999900
