00000000110000000000000000000
00000001221100000000000000000
00000001882211000000000000000
00000001855822110000000000000
00000001888888221100000000000
00000012288888882211000000000
00000122222888888822110000000
00001222222228888888221000000
0001222222222228888558100000000122222222224422885581000000
01222222222222233228881100000
12552222222222222442288811000
12555522222222222222277788110
18825522222222222222777777881
18558222222222222227777776561
18555582222222222277777656561
18885555822222222777765656561
18558855558222227776665656561
18885588558882277663365656561
18888855888888865333365656661
18888888888888865333365667761
18888888558888865336666777761
18888858585558865666677776661
18888855588858865667777666661
18888588888588866777766776661
18885888888858866776677776661
18885888888885866667777666661
18885888858585866777766776661
18885888888885866776677776561
18888588885885866667777666561
18888588888858866777766656561
01188858885588866776665656511
00011885558888866666565651100
00000118888888865656565110000
00000001188888865656511000000
00000000011888865651100000000
00000000000118865110000000000
00000000000001111000000000000