11111111111111131111111111111111
14444444444444444444444444444441
14411141414444444444444111411141
14414441414444444444444141414141
14411141114444444444444141411141
14444141414444444444444141414441
14411141414444444444444111414441
14444444444444444444444444444441
34444444444444442444444444444443
14444444444444444444444444444441
14444444444444444444444444444441
14444444444444444444444444444441
14444444444444444444444444444441
14444444444444444444444444444441
14444444444444444444444444444441
14444444444444444444444444444441
14444444444444444444444444444441
11111111111111131111111111111111
